1
10039
10048
10050
10052
10053
10113
10124
10126
10127
10154
10169
10170
10172
10187
10190
10197
10201
10202
10247
10288
10314
10884
10907
10928
10b
10x1_small_flat
11002
11010
11062
11089
11090
11091
11092
11096
11097
11100
11103
11127
11153
11156
11187
11198
11203
11208
11209
11211
11212
11213
11214
11215
11253
11256
11267
11272
11289
11290
11291
11293
11295
11297
11299
11301
11303
11399
11437
11438
11455
11458
11476
11477
11478
11609
11610
11618
11640
11767
11833
11946
11947
11950
11954
11955
122c01
122c02
12799
12825
12939
13269
13349
13358
13459
13547
13548
13549
13564
13608
13731
13793
13808
13965
13971
14045
14137
14181
14301
14395
14413
14417
14418
14419
14520
14682
14696
14704
14707
14716
14718
14719
14720
14721
14769
15
15038
15064
15068
15070
15071
15082
15092
15100
15107
15207
15208
15209
15210
15211
15254
15279
15303
15332
15341
15379
15391
15392
15395
15396
15397
15403
15406
15407
15413
15428
15429
15439
15456
15458
15460
15461
15462
15469
15470
15496
15501
15515
15533
15534
15535
15540
15571
15573
15580
15624
15625
15672
15706
15712
15745
15790
16091
16577
16770
16981
17
17010
17114
17454
17457
17485
17979
18041
18352
18575
18591
18646
18649
18651
18653
18654
18671
18674
18675
18677
18738
18746
18759
18783
18787
18788
18789
18791
18838
18853
18854
18892
18895
18896
18904
18906
18910
18920
18922
18938
18939
18940
18942
18944
18945
18946
18947
18948
18969
18970
18972
18973
18974
18975
18976
18977
18978a
18978b
18979a
18979b
18980
18986
18990
19086
19118
19119
19121
19159
19220
19729
19917
2
20309
20310
20312
20313
2039
2041
2046
20482
20612
20952
20953
21
21229
21301
21445
2145
21459
21560
21699
21709
21755
21766
21987
2205
2206
22127
2214
22169
22385
22387
22388
22391
22392
22402
22407
22408
22409
22410
22411
22483
22484
22667
22885
22886
22888
22889
22890
2291
22961
2300
2301
2302
23306
2332
2335
2337
2339
2340
23405
2341
2342
23421
2343
23443
23444
23448
2345
2346
2348a
2348b
2349a
2349b
2350b
2351
2356
2357
2362a
2362b
2375
2376
23769
2377
23860
23948
23949
23950
23969
2397
23986
2399
23996
2400
2401
24010
24014
24078
2409
24093
24116
24119
2412
24121
24122
2412a
2412b
2413
24131
2415
24151
2417
2418a
2418b
2419
2420
24201
2421
2422
2423
24246
2426c01
2428
2429
24299
2429c01
242c01
2430
24307
24309
2431
24316
2432
24324
24326
2433
2434
2435
2436
2436b
2437
24375
2439
2440
2441
2443
2444
24445
2445
2446
2447
2448
24482
2449
2450
24504
24505
2452
2453
2453a
2453b
2454
2454a
2454b
2456
2458
24593
24599
2460
24607
2462
2463
2465
2466
2468
2470
2476
2476a
2476b
2479
2483
2484c01
24855
2486
24866
24869
2488
2489
2493a
2493b
2494
24946
24947
2495
2496
2498
250
25059
25061
2507
2508
251
25111
2512
2513
2516
2518
25214
2524
2525
2526
25269
2529
2530
2536a
2536b
25376
25386
2538b
2539
2540
2541
2542
2546
2548
2549
2550c01
2551
25516
2554
2555
25550
2560
2561
2562
2563
2564
2566
2569
2570
2571
2572
2577
2582
2584
2585
2587
25892
25893
2593
2594
26021
26022
26047
26066
2607
2609a
2610
2614
2617
2620
2621
2625
2626
26287
2637
2638
2639
264
2642
2653
2654
2655
26597
26599
26601
26603
26604
2680
2681
2694
2695
2696
270c02
2711
2712
2713
27145
2714a
2714b
27150
2716
27167
27168
2717
2719
2723
27255
27256
27257
27261
27263
27266
273
2730
27328
2736
27395
2741
2743
2744
27448
27507
2780
2790
2791
2792
27925
27928
27938
2793c01
27940
27965
27976
2797c02
27bc01
281
2815
2817
2819
28192
2823
2825
2832
28324
28326
28327
28387
2838c01
2847c01
2850a
2850b
2851
2852
2853
2854
2855
2856
28588
2866
28660
2871a
2871b
2873
2875
2876
2877
28779
2878
2878c01
2880
28802
28870
28974
29
2902
2903
2904
2905
2907
29109
29110
29111
29115
29119
29120
2919
2920
2921
2926
2927
2928
29304
2950
2951
2952
29541
2958
29636
2982c01
2983
2984
2985
2986
298c01
2994
2995
2996
29bc01
3
30000
3001
30014
30016
3001old
3001oldb
3002
30022
30027a
30027b
30028
30029
3002old
3003
30031
30033
30034
30035
30036
3003old
3004
30041
30042
30043
30044
30045
30046
3004f1
3005
30055
30056
3005f1
3006
3007
3007
30072
30076
30077
30078
3008
30082
30083
30086
30088
30089a
30089b
3009
30090
30091
30092
30093
30094
30095
30099
3010
30101
30103
30104
30106
30109
3011
30112b
30115
30121
30126
30127
30132
30133
30134
30136
30137
30139
30140
30141
30144
30145
30147
30148
30149
30150
30151a
30151b
30153
30154
30155
30157
30158
30161
30162
30163
30165
30169
30170
30173a
30173b
30174
30176
30179
30180
30181
30182
30183
30189
30190
30191
30192
30193
30194
3020
30208
30209
3021
30211
30213
30219
3022
30222
30223
30224
30228
30229
3023
30235
30236
30237
30237b
30238
30239
3024
30240
30246
30248
30249
30251
30256
30258
30259
3026
30261
30263
3027
30274
30277
30278c01
3028
30283
30284
30285
30286
3029
30292
30293
30294
3030
30300
30303
30304
3031
3032
30322
30324
3033
30332
3034
30340
30342
3035
30350a
30350b
30350c
30355
30356
30357
30359a
30359b
3036
30360
30362
30363
30364
30365
30367a
30367b
30367c
3037
30372
30373
30374
30375
30376
30377
30378
3037b
3038
30382
30383
30384
30385
30386
30387
30388
30389a
30389b
30389c
3039
30391
30394
30395
30396
30397
3040
30407
3040a
3040b
3041
30413
30414
3042
3043
3044a
3044b
3044c
3045
30464
3046a
3046b
30489
3048a
30492
3049c
3049d
30503
30504
30505
30516
30517
30526
30530
30536
30540
30541
30552
30553
30554a
30554b
30562
30565
30586
3058b
30592
30602
30603
30613
30619
30622
30624
30626
3062a
3062b
30632
3063a
3063b
30640
30642
30644
30645
30647
30648
3065
30658
3066
30663
3067
3068a
3068b
30699
3069a
3069b
3070a
3070b
3081bc01
3081cc01
30837
3087bc01
3087c
30924
30925
30987
31000
31001
31002
31007
31021
31023
31061
31110
31111
31213
31215
3127
3127b
3134
3135
3136
3137c01
3137c02
3139
3144
3145
31465
3176
3183a
3183b
3183c
3184
3185
3186
3187
3188
3189
3190
3191
3192
31925
3193
3194
3195
31990
31bc01
31cc01
32000
32001
32002
32007
32009
32012
32013
32014
32015
32016
32017
32018
32019
32020
32028
32030
32034
32039
32054
32056
32059
32060
32062
32063
32064
32064a
32064b
32064c
32065
32068
32069
32072
32073
32083
32084
32123
32123a
32123b
32124
32125
32126
32137
32138
32140
32165
32166
32172
32173
32174
32175
32177
3218
32180
32184
32187
32188
32189
32190
32191
32192
32193
32195b
32198
32199
32200
32201
32202
32203
32205
32206
32207
32208
32209
32210
32211
32212
32214
32219
32221
32229
32235
32242
32246
32249
32250
32251
32269
32270
32271
32278
3228a
3228b
3228c
32291
32293
32294
3229a
3229b
32307
3230a
3230b
32310
32316
32324
32333
32348
32449
3245b
3245c
32474
32475
32482
32489
32494
32498
32506
32523
32524
32525
32526
32527
32528
32529
32530
32531
32532
32534
32535
32551
32555
32556
32557
32558
32576
32577
32578
32580
32606
32607
32739
32802
32803
32828
32905
32932
32952
3297
3298
3298pb005
3299
32bc01
3300
33008
33009
33011a
33025
33031
33048
33051
33054
33057
33061
33062
3307
33078
3308
33085
33120
33121
33122
33125
3314
3315
3317
33172
33176
33183
33211
33212
33213
33215
33216
33227
33243
33286
33287
33291
33299
33299a
33299b
33303
33320
33322
3334
33492
3358
3359
33909
33bc01
3403
3403c01
3404
3404bc01
34103
34172
34173
3430c02
3433
34337
3436
3437
3455
3456
3460
3461
3462
3464
3470
3471
34738
3474
3475a
3475b
3479
3480
3481
34816
3482
3483
3488
3491
3492c01
3497
35
35039
35044
35157
35185
35186
35188
35394
35442
35443
35459
35463
35464
35470
35480
35485
35563
35565
35574
35578
35646
35654
35700
35756pb01
35787
35789
3579
3581
3582
3585
3586
3587
3596
3597
36
36036
3612
3613
3614a
3622
3623
3626a
3626b
3626c
3633
3634
3639
3640
3641
3644
3647
3648
3648a
3648b
3649
3650
3650a
3650b
3650c
3651
3652
3659
3660
3660a
3660old
3664
3665
3666
3673
3675
36752a
3676
3678a
3678b
3679
3680
3680c01
3680c02
3684
36840
36841
3684a
3684b
3684c
3685
3688
37
3700
3700b
3701
3702
3703
3704
3705
3706
3707
3708
3709
3709a
3709b
3710
3711
3713
3730
3731
37341c
37352
3736
3737
3738
3739
3740
3741
3742
3743
3747a
3747b
3749
37494
3754
3755a
3761
37695
37762
37775
37776
3778
3787
3788
3794a
3794b
3795
38014
3808
3811
3821
3822
3823
3829c01
3830
3830c01
3831
38317
3832
38320
3835
3836
3837
3838
3839a
3839b
3840
3841
3846
3847
3848
3849
3852a
3852b
3853
3854
3855
3855a
3856
3857
38583
38585
3861b
3865
3867
3873
3876
3888ac01
3894
3895
3899
39
3900
3933
3934
3935
3936
3937
3937c01
3938
3939
3941
3942a
3942b
3942c
3943a
3943b
3956
3957
3957a
3957b
3958
3959
3960
3961
39611
39613
3962a
3962b
3963
39739
39789
39790
39793
39794
3997
4000
40001
4006
40066
4019
4022
4023
40232
40234
40241
40242
40243
40244
40249
40253
4032
4032a
4032b
4033
4034
40344
40345
4035
4036
40375
40378
40379
40395
40396
40490
40620
40666
4070
4071
4072
4073
4079
4080
4081a
4081b
4083
4084
4085
4085a
4085b
4085c
4085d
4088
40902
4092
4093a
4093b
4094a
4094b
4095
40996
412
4121
41239
41250
4130
4131
4132
4133
4143
4151a
4151b
41529
41530
41531
41532
41535
41539
4161
4162
4166
41665
41666
41667
41668
41669
41670
41672
41677
41678
4168
41682
4169
41732
41740
41747
41748
41749
4175
41750
41751
41752
41753
4176
41764
41765
41766
41767
41768
41769
41770
4178
4180c01
4180c02
4181
4182
4183
4185
41854
41855
4186
41862
4187
41879a
41879b
41881
41883
41896
41897
41948
4196
41969
41978
4198
4199
420
42003
4201
4202
42021
42022
42022pb03
42023
4204
42060
42061
4207
42074
4208
4209
42093
4209b
421
4211
4212a
4212b
4213
4214
4215a
4215b
4216
4217
4218
4219
422
4220
4221
4223
42234
4228
42289
4229
4237
4238
424
42409
42445
42446
42448
4247
42511
42531
42608
4261
42610
4262
4263
4265a
4265b
4265c
4266
4267
4268
4273a
4273b
4274
4275a
4275b
4276a
4276b
4282
4284
4285a
4285b
4286
42862
4287
4287a
4287b
4287c
4288
4289
42918
43093
43121
4315
4318
4319
4323
4325
4328
4332
43337
4337
43373
43374
4341
4342
4345
4345a
4345b
4346
4347
4349
4360
43708
43710
43711
43712
43713
43719
43720
43721
43722
43723
4375
43857
43887
43888
43892
43898
43899
44033
44126
44135
44136
44137
44224
44225
4424
4429
44292
44294
44300
44301
44301a
44301b
44302
44302a
44302b
44309
44350
44351
44352
44353
44358
44359
44375
44375a
44375b
4442
4444
4445
4447
4448
4449
44524
44567
44567a
44567b
44568
44569
44570
44571
44572
4459
4460a
4460b
4461
4466
44661
4467
44674
44675
44676
44709
44728
4474
44740
4475
4477
44771
44772
4479
44809
4480c01
44822
44848
44861
44865
4488
4489a
4489b
4490
4491a
4491b
4495a
4495b
4497
4498
4499
45
4504
4507
4509
4510
4511
4515
4519
4522
4523
4524
45274
4528
4529
45301
4531
4532
4533
4536
4537
453bc01
453cc01
45406
45410
45411
45481
45522
45575
45590
45677
45705
458
4587
4588
4589
4589b
4590
4591
45918
4592c02
4594
4595
4596
4597
4598
45982
4599a
4599b
4600
4608
4610
46103
4611
4617b
46212
4623
4623a
4623b
4624
4625
4626
46296
4629c01
46413
46667
4672
4697a
4697b
4698
4714
4715
4716
4719
47223a
4727
4728
4729
47296
47298
47300
47306
4732
4733
47330
4735
4736
4737
4738a
4738b
47397
47398
4740
47404
47406
47407
47408
4742
4743
47431
47432
4744
4745
47452
47454
47455
47456
47457
47458
4746
47474
4748
47501
47507
47508
47543
4757
4758
4760c01
4767
47674
47675
47676
4770
4771
47712
47713
47715
47720
4774c01
47753
47755
47757
47758
47759
4784
47847
47899c01
4790
47905
4794b
47973
47994
47996
48002a
48092
48138
48165
48169
48170
48171
48172
48183
48201
48205
48208
48245
48287
48288
48336
4839
48411
4844
48490
48492
48495
48496
4854
4855
4857
4858
4859
4861
4862
4863
4864a
4864b
4865
4865a
4865b
4866
4867
4868a
4868b
4869
4870
4871
4872
48723
48724
48729
48729a
48729b
4873
48812
4891
48933
4894
48989
4913
49283
49307
49308
49311
49465
49577
49618
49668
498
5
50163
50231
50254
50303
50304
50305
50340
50373
50450
50451
50745
50747
50858
50859a
50859b
50860
50861
50862
50898
50899
50900
50901
50903
50914
50921
50923
50943
50946
50947
50948
50949
50950
50951
50955
50956
50967
50990a
50990b
51000
51011
51262
51266
51270
51704
51708
51725
51739
51858
52031
52036
52037
52038
52040
52107
52494
52501
529
53119
53400
53401
53451
53454
53543
53550
53551
53585
53586
53984
53989
54090
54091
54095
54096
54101
54200
54271
54275
54383
54384
54657
54671
54672
54821
55013
55236
55295
55296
55297
55298
55299
553
55300
556
55615
55706
55817
55976
55978
55981
55982
559c01
56145
564c01
56630
56890
56891
56897
56898
569
56902
56903
56904
56908
572
57467
57515
57518
57519
57520
57528
57536
57539
57565
57585
57588
57779
57783
57878
57894
57895
57899
57906
57908
57909
57909b
57910
58086
58090
58119
58120
58122
58176
58177
58181
58247
58380
58381
585
586c01
58827
58846
59
59228
59229
59230
59275
59349
59426
59443
59895
59900
600
6003
60032
6005
6007
601
60115
6014
6015
6016
60169
60176
6019
6020
60208
6021
60212
60219
6026
6027
6028
6035
6037
60373
6039
6040
6041
6042
6043
6044
604547
604548
604549
604550
604551
604552
604553
6046
604614
604615
60470
60470a
60470b
60471
60474
60475
60475a
60475b
60476
60477
60478
60479
60481
60483
60484
60485
6056
6057
6058
60581
60583a
60583b
6059
60592
60593
60594
60596
60598
60599
6060
60601
60602
60603
60607
60608
6061
60614
60616a
60616b
60621
60623
6063
6064
6065
60657
60658
6066
6067
6069
6070
60700
6075
60750
60752
6079
60797c02
60800a
60806
60808
6081
6082
6083
60849
6086
6087
60897
6090
6091
6104
61053
61054
6106
61068
61069
61070
61071
61072
61073
6108
6111
6112
6117
6118
61184
61190a
61190b
61190c
61190f
61199
6120
6123
6124
6125
61252
61254
6126a
6126b
6127
6128
61287
6132
6133
6134
61345
6135
6140
61403
61409
6141
6148
61480
61481
61482
61483
61484
61485
61487
61510
6153a
6153b
6154
6155
6157
6158
6160c01
6161
6162
61678
6178
61780
6179
6180
61800
61801
6182
6183
6184
6187
6190
61903
61904
6191
6192
6195
6196
6197
61975
61976
6198
6199
6205
6206
62113
6212
6215
6216
6217
6219
6222
6223
6230
6231
6232
6233
6235
6236
62360
62361
6238
6239
62462
6247
6248
6249
6251
62531
6254
6255
6256
62576
6259
6260
6265
6266
6267
62701
62712
62743
62808
62812
62885
6292
63082
6309
63585
63586
6377
6378
63864
63868
63869
63871
6391
6394
63965
64000
6405
6413
64178
64179
64225
64227
64228
64276
6431
64390
64391
64392
64393
64394
64415c01
64448
64449
64450
64451
64453
64454
6446
64462
64566
64570
645bc01
64644
64645
64647
64648
64651
64680
64681
64682
64683
646bc01
64711
64712
64713
64727
64728
6474
6478
64781
64782
6479
64799
64847
64867
6490
64951
650
65092
6510
6517
6524
6536
6538a
6538b
6538c
6539
6541
65413
65414
65426
65429
6542a
6542b
6546
65473
65509
6553
6556
65578
6558
65617
65634
65635
6564
6565
65676
6571
6572
6573
65734
6575
65753
6576
6578
6579
6580
6581
6582
6583
6584
6585
6587
6588
6589
6592
6594
6595
66252
6628
6629
6630
6632
6636
6641
6643
6644
66727
66789
66790
66792
66858
66859
66906
66909
66955
67139
67329
67440
67810
67928
68013
68211
68297
68325
68382
6851
68568
6881b
691
692
6936
6941
6942
6969
69729
699
69906
69c01
702
70278
70358
7039
70496
7049a
709
71075
71076
711
71128
71137
71182
712a
71342
713a
71427c01
715
71710
71771
71861
721
722
72206
72454
72475
728
72824
729
73037
73071
73090a
73090b
73092
73109
73111
73129
73194c01
73230
733
73312
73507
73562
736c02
737
73825
73831
73983
74261
74587
74611
74698
74967
75347
75535
75539
75904
75937
75974
75c09
75c16
76019
76138
76244
76371
76385
76537
766c01
767
76764
76766
76768
769
772
78256
78258
78329
784
78666
787
78c02
79194
792c03
7930
79389
79756
8
801
802
804
80683
820
821
822ac01
828
837
838
84954
85058
85080
85543
85544
85545
85546
85861
85863
85940
85941
85943
85970
85975
85983
85984
86038
86208
86500
86501
86652
867
86876
86996
87079
87080
87081
87082
87083
87084
87086
87087
87407
87408
87414
87421
87544
87552
87559
87580
87585
87601
87606
87609
87611
87612
87613
87614
87615
87616
87617
87618
87619
87620
87685
87686
87687
87692
87693
87694
87695
87696
87697
87747
87751
87752
87761
87796
87846
879
87913
87926
87944
87989
87993
87994
88072
88290
88292
88293
88323
88393
88517
88646
88704
88811
88930
89159
89201
89522
89523
89648
89649
89652
89801
90194
90195
90201
90202
90258
90265
90370
90397
90398
90498
90509
90540
90605
90607
90608
90609
90611
90612
90613
90615
90616
90617
90622
90623
90625
90626
90630
90638
90639
90640
90641
90650
90652
90754
90981
91176
91405
91501
91884
91988
92013
92088
92092
92099
92107
92218
92220
92262
92263
92279
92280
92290
92339
92402
92409
92410
92438
9244
9244c01
92474
92579
92582
92583
92584
92585
92589
92590
92593
92690
92691
92692
92693
92710
92711
92738
92747
92842
92851
92906
92907
92908
92909
92911
92926
92946
92947
92950
93055
93061
93087
93092
93094
93095
93096
93140
93160
93168
93216
93223
93231
93247
93252
93273
93274
93348
93353
93550
93552
93555
93559
93575
93589
93590
93593
93594
93595
93604
93606
93609
93789
94161
94722
94725
94925
95188
95199
95227
95228
95229
95342
95343
95344
95348
95354
95673
95827
95828
95829
95831
95832
96479
96480
96481
96482
96483
96484
96485
96486
96487
96488
96489
96490
96491
967
96874
96904
96905
96906
96907
97781
97782
97783
97784
97785
97787
97790
97791
97793
98100
98136
98137
98138
98139
98141
98218
98222
98223
98225
98233
98252
98262
98263
98280
98281
98282
98283
98284
98285
98286
98288
98302
98313
98347
98368
98369
98370
98374
98375
98383
98393d
98397
98459
98460
98549
98577
98578
98585
98590
98721
98834
98835
98989
99008
99009
99010
99012
99021
99206
99207
99253
99301
99464
99499
99563
99773
99774
99780
99781
99784
Barrel
Bars, Ladders and Fences
Baseplates
Belville, Scala and Fabuland
bhol04
Bionicle, Hero Factory and Constraction
Bricks
Bricks Curved
Bricks Round and Cones
Bricks Sloped
Bricks Special
Bricks Wedged
bslot01
bslot03
bslot08
bslot17
Clikits
Containers
Duplo, Quatro and Primo
elecpin
Flags, Signs, Plastics and Cloth
Flat
Hinges
Hinges, Arms and Turntables
hngpltc01
hngpltS
HO Scale
Lego
Lights
Magnets and Holders
Mechanical
Minidoll Heads
Minifig Accessories
Minifig Heads
Minifig Headwear
Minifig Lower Body
Minifigs
Minifig Upper Body
Minifigure
No-lego
Non-Buildable Figures (Duplo, Fabuland, etc)
Non-LEGO
Ones flat
Other
Panels
Plants and Animals
Plates
Plates Angled
Plates Round Curved and Dishes
Plates Special
Pneumatics
Power Functions, Mindstorms and Electric
R 6x2 2456
Regular
Rock
rotation_test
Sloped
Small
Small Flat
Smooth
String, Bands and Reels
Supports, Girders and Cranes
Technic
Technic axles
Technic Axles
Technic Beams
Technic Beams Special
Technic Bricks
Technic Bushes
Technic Connectors
Technic Gears
Technic Panels
Technic Pins
Technic Special
Technic Steering, Suspension and Engine
test
Tiles
Tiles Special
Tools
Transportation - Land
Transportation - Sea and Air
Tubes and Hoses
Two flat
Wheel
Wheels and Tyres
Window
Windows and Doors
Windscreens and Fuselage
x187
Znap
